0
0.06283184
0.1256637
0.1884955
0.2513274
0.3141592
0.376991
0.4398229
0.5026547
0.5654866
0.6283184
0.6911502
0.7539821
0.8168139
0.8796458
0.9424776
1.005309
1.068141
1.130973
1.193805
1.256637
1.319469
1.3823
1.445132
1.507964
1.570796
1.633628
1.69646
1.759292
1.822123
1.884955
1.947787
2.010619
2.073451
2.136283
2.199114
2.261946
2.324778
2.38761
2.450442
2.513274
2.576105
2.638937
2.701769
2.764601
2.827433
2.890265
2.953096
3.015928
3.07876
3.141592
3.204424
3.267256
3.330088
3.392919
3.455751
3.518583
3.581415
3.644247
3.707079
3.76991
3.832742
3.895574
3.958406
4.021238
4.08407
4.146901
4.209733
4.272565
4.335397
4.398229
4.461061
4.523892
4.586724
4.649556
4.712388
4.77522
4.838052
4.900884
4.963715
5.026547
5.089379
5.152211
5.215043
5.277875
5.340706
5.403538
5.46637
5.529202
5.592034
5.654866
5.717697
5.780529
5.843361
5.906193
5.969025
6.031857
6.094688
6.15752
6.220352
